y	x	d15n.obs
-2.81667	-47.35000	10.72
-3.30000	-47.16667	8.76
-2.50000	-60.16667	8.60
-9.18333	-63.11667	10.05
-12.86667	-60.05000	11.18
-10.28333	-62.86667	9.84
-10.15000	-62.81667	12.00
-10.70000	-62.20000	10.93
-2.20000	-47.36667	8.64
-1.16750	-47.75222	5.81
-2.42472	-54.70417	9.30
-2.37000	-60.09000	9.44
0.41667	-65.85917	6.75
-15.15000	-47.51000	4.36
-8.42505	-36.46672	13.54
-8.49124	-36.37979	9.93
-8.94167	-36.69444	4.18
-7.66417	-40.17056	16.47
-7.57933	-40.11325	13.62
-7.66120	-39.96356	8.85
-8.23111	-37.78250	13.95
-7.39001	-37.24269	8.33
-8.03156	-37.68216	17.28
-7.40444	-35.18602	6.45
-7.53142	-35.47194	8.89
-8.20717	-35.34781	9.21
-14.10654	-47.70449	6.41
-14.10823	-47.71358	3.33
-14.10992	-47.72267	4.64
-14.11161	-47.73176	5.27
-14.10484	-47.69540	5.22
-14.11541	-47.70275	5.86
-14.11710	-47.71184	4.94
-14.11879	-47.72094	4.45
-14.12048	-47.73003	4.64
-14.11371	-47.69366	4.78
-15.71088	-48.00071	6.47
-15.70659	-48.00916	6.09
-15.70195	-48.01726	6.19
-15.69713	-48.02517	6.93
-15.71481	-47.99232	6.89
-15.71832	-48.00654	5.61
-15.71261	-48.01607	7.83
-15.70886	-48.02261	6.28
-15.70440	-48.03023	6.86
-15.72320	-47.99839	4.57
-19.49358	-44.18600	7.00
-21.01853	-44.21764	5.96
-20.99339	-44.17175	7.42
-21.97725	-47.85489	7.94
-22.83392	-51.71447	9.29
-24.02217	-53.74383	11.30
-23.80806	-53.59033	8.01
-24.10525	-52.35953	4.35
-24.30278	-52.70217	7.54
-25.11192	-50.06375	7.59
-30.10178	-51.69947	7.72
-28.93008	-54.34131	6.11
-29.45872	-54.81883	8.24
-31.36694	-54.00792	6.51
-31.83267	-52.47725	6.10
-28.22503	-52.40664	8.09
-20.51700	-51.57925	4.92
-22.29040	-54.80983	7.36
-12.36972	-52.22472	6.34
-14.62782	-52.38396	5.60
-14.99756	-52.27928	6.26
-19.27961	-48.74947	4.54
-19.17450	-48.16778	4.77
-10.45811	-37.19958	5.80
-10.56300	-37.16378	4.62
-10.21856	-37.32625	9.46
-9.29878	-40.58572	12.26
-7.46522	-40.41953	14.24
-8.50567	-40.71058	14.72
-6.80656	-45.41111	4.06
-9.21047	-45.14831	4.73
-11.44547	-45.60819	4.08
-13.62138	-46.28055	4.60
-13.62132	-46.28975	3.76
-13.61229	-46.28042	3.75
-13.61232	-46.28970	3.79
-13.58517	-46.28038	4.10
-13.58497	-46.28916	5.44
-6.92052	-47.46605	8.22
-6.92910	-47.46286	4.38
-6.96815	-47.44832	6.29
-6.89567	-47.47145	3.09
-6.87196	-47.47439	3.96
-7.12638	-47.42354	2.53
-7.13119	-47.42381	7.36
-7.02410	-47.45400	5.08
-7.09685	-47.43169	7.08
-7.14772	-47.42100	6.42
-7.14705	-47.42006	6.52
-7.20652	-47.42820	8.99
-7.12943	-47.42609	3.56
-7.13496	-47.43163	8.99
-7.42543	-46.71829	4.38
-7.42606	-46.71771	4.35
-7.42185	-46.75515	4.68
-7.42843	-46.78996	3.22
-7.40781	-46.86922	7.52
-7.40982	-47.01145	4.57
-7.41237	-47.09483	3.43
-7.41210	-47.17249	3.88
-7.01889	-47.34185	4.59
-7.01985	-47.34900	4.72
-7.02244	-47.36904	4.65
-7.02384	-47.37851	3.66
-7.00444	-47.43544	3.66
-7.43370	-47.68360	3.14
-7.48897	-47.90043	4.78
-7.33061	-48.31003	2.09
-7.37251	-48.34777	4.82
-7.54405	-48.41346	2.75
-8.22993	-48.46457	2.17
-8.69426	-48.50610	4.75
-8.93422	-48.51350	3.94
-9.55206	-48.52731	4.91
-9.56725	-48.45456	3.00
-9.68493	-48.38568	5.61
-10.47119	-48.32361	5.63
-10.94020	-48.31576	6.06
-11.33574	-48.15365	5.56
-13.24969	-46.85802	5.38
-13.42064	-47.13083	4.75
-14.73529	-47.54877	6.73
-7.14349	-47.42025	4.66
-18.18194	-52.84940	6.75
-18.11782	-52.91604	6.49
-18.16912	-53.01470	6.08
-18.11243	-53.05221	6.32
-18.08683	-52.98852	6.56
-18.05547	-52.93580	7.98
-18.28968	-52.93276	6.48
-17.99081	-52.98946	6.46
-17.91041	-52.95040	5.86
-17.66747	-52.94248	4.90
-17.63239	-52.37346	4.27
-17.81855	-52.00443	6.59
-18.30761	-52.75886	7.19
-17.91083	-51.78262	7.45
-17.86900	-51.57569	2.63
-17.81795	-51.17541	5.83
-17.61341	-50.75222	7.45
-17.46895	-50.43630	5.13
-17.17051	-50.05078	5.71
-18.28796	-52.83817	6.31
-18.23273	-52.87928	5.37
-15.25087	-61.24528	5.70
-3.74099	-70.30551	5.70
-3.74124	-70.30251	5.60
-9.60050	-55.93720	8.70
-9.57838	-55.91762	7.40
-3.94778	-73.43570	6.10
-3.95295	-73.43740	3.90
-3.95126	-73.43894	6.30
-3.95437	-73.42577	4.20
-2.62750	-60.15306	9.30
-0.69852	-76.48218	6.30
-0.69792	-76.47380	6.50
-1.73673	-51.46291	9.20
-1.73571	-51.46198	10.60
-1.71583	-51.45722	10.30
-14.38556	-61.14778	6.20
-2.19103	-47.32779	8.50
-12.49967	-68.96296	4.80
-10.56640	-68.31148	8.50
-10.55611	-68.30103	7.80
6.10212	-61.40337	6.80
-12.81297	-51.85372	5.10
-14.56083	-60.74861	5.70
-14.56750	-60.74778	6.70
-1.06833	-77.61528	7.30
-1.07750	-77.60950	6.90
-1.07353	-77.61222	6.60
-1.06167	-77.62167	7.00
-0.89444	-52.19028	8.30
-8.88395	-72.78992	5.30
-14.55669	-60.92789	5.30
-14.57719	-60.83178	6.20
-3.05624	-69.99071	6.20
-3.05760	-69.99303	6.70
-14.40814	-61.14027	7.10
-14.40828	-61.13837	5.30
-2.60861	-60.21417	4.80
-2.60944	-60.21611	7.80
-2.60694	-60.20889	5.80
-1.45000	-48.45000	7.70
-16.39101	-61.21244	9.00
8.11361	-61.69222	6.30
-9.04368	-72.26743	7.40
1.93284	-67.02168	3.10
1.93000	-67.03828	2.40
-11.41120	-55.32470	8.80
-3.25211	-72.90744	7.90
-3.25114	-72.90359	8.00
-12.84411	-69.28838	6.90
-12.83475	-69.28608	7.00
-12.83647	-69.27829	7.10
-12.83029	-69.27053	7.20
-12.83850	-69.29601	5.80
-12.82568	-69.26103	6.70
-12.92125	-52.37311	5.10
-2.85111	-54.95472	10.50
-3.30963	-54.94185	10.40
-0.63888	-76.15462	6.60
-0.63778	-76.14358	7.30
-18.52448	-60.81249	11.00
-14.83074	-52.15983	6.70
-14.83194	-52.16904	5.80
-3.43955	-72.84581	5.50
-2.64000	-54.59000	10.25
-10.20500	-62.79167	11.10
-24.28333	-48.41667	8.40
-22.60000	-52.23333	8.15
-15.78928	-56.36761	6.02
-15.79902	-56.37106	6.46
-15.83390	-56.37457	5.95
-15.84207	-56.40832	9.57
-16.03676	-56.52023	6.73
-16.10984	-56.59380	7.03
-16.46195	-56.40325	5.01
-16.30293	-56.56216	6.78
-16.39379	-56.62712	6.33
-16.38514	-56.60916	5.40
-17.19216	-56.92213	4.65
-17.04856	-56.95485	1.37
-16.78085	-56.85061	4.86
-16.76447	-56.85211	4.64
-16.61496	-56.74804	7.11
-16.51508	-56.70249	4.49
-16.39400	-56.63688	4.21
-16.39490	-56.62492	4.59
-16.38835	-56.59649	5.63
-51.77047	-71.74956	6.41
-51.61756	-71.99131	-1.17
-51.31486	-72.18289	5.93
-50.30647	-72.78956	4.96
-48.36897	-72.13956	2.51
-51.83281	-71.70972	2.33
-48.37181	-72.05328	4.11
-51.22258	-72.26392	3.27
-46.05675	-71.68636	-1.21
-46.88283	-71.88208	5.73
-50.52453	-72.78164	2.30
-50.55350	-72.84200	2.37
-50.46197	-73.02353	-1.33
-50.46553	-73.02869	-0.93
-49.23800	-72.90292	-2.34
-50.47278	-72.99375	-0.22
-49.28444	-72.88864	1.00
-49.17772	-72.94831	-3.74
-46.86667	-71.86667	4.18
-49.21111	-72.95672	2.33
-51.56519	-72.35569	5.59
-51.57392	-72.00519	2.60
-48.32914	-72.18819	4.67
-51.22258	-72.27903	2.75
-48.42717	-71.82842	5.91
-51.61931	-71.99283	-1.63
-51.57256	-72.30975	3.95
-48.44706	-71.83836	4.59
-51.53361	-72.14081	-0.60
-50.43119	-72.75664	2.30
-50.46197	-73.02353	-1.33
-49.14633	-72.94378	-1.23
-49.08108	-72.88903	-4.83
-23.31000	-51.16277	10.90
-19.31083	-46.04888	5.10
-7.65194	-40.14888	14.00
-22.58333	-50.38333	4.12
-22.40000	-49.70000	4.94
-40.11667	-72.85000	0.4979
-40.78333	-72.20000	-3.34
-40.20000	-73.43333	-0.76
-38.75000	-63.75000	3.75
